__puzzle__ Before Preprocess
[-1, -1, -1, 0, 1, 2, 3]
[-1, 4, 5, -1, -1, -1, -1]
[-1, -1, 6, -1, -1, -1, -1]
[-1, 7, -1, -1, -1, 8, -1]
[9, -1, -1, -1, 10, -1, -1]
[-1, 11, 12, -1, -1, -1, -1]
[-1, -1, -1, 13, -1, 14, 15]
__locationData__ [(0, 3, 4), (0, 4, 2), (0, 5, 2), (0, 6, 2), (1, 1, 2), (1, 2, 2), (2, 2, 7), (3, 1, 4), (3, 5, 2), (4, 0, 2), (4, 4, 3), (5, 1, 4), (5, 2, 4), (6, 3, 2), (6, 5, 3), (6, 6, 4)]
__locationDataFactor__ [[2, 4, 1], [2, 1], [2, 1], [2, 1], [2, 1], [2, 1], [7, 1], [2, 4, 1], [2, 1], [2, 1], [3, 1], [2, 4, 1], [2, 4, 1], [2, 1], [3, 1], [2, 4, 1]]
__puzzle__ after Preprocess
[0, 0, 0, 0, 1, 2, 3]
[4, 4, 5, 5, 1, 2, 3]
[6, 6, 6, 6, 6, 6, 6]
[-1, 7, -1, -1, 8, 8, 15]
[9, -1, -1, -1, 10, 14, 15]
[11, 11, 12, -1, -1, 14, 15]
[11, 11, -1, 13, -1, 14, 15]
__partitions__ [[], [], [], [], [], [], [], [(3, 1, 2, 2, 7), (3, 0, 1, 4, 7)], [], [(3, 0, 2, 1, 9), (4, 0, 1, 2, 9)], [(4, 4, 3, 1, 10), (4, 2, 1, 3, 10)], [], [(4, 2, 2, 2, 12), (3, 2, 4, 1, 12)], [(5, 3, 2, 1, 13), (6, 2, 1, 2, 13), (6, 3, 1, 2, 13)], [], []]
fitness 0.7959183673469388
Answer: -------1-10-01--
[0, 0, 0, 0, 1, 2, 3]
[4, 4, 5, 5, 1, 2, 3]
[6, 6, 6, 6, 6, 6, 6]
[7, 7, 7, 7, 8, 8, 15]
[9, 9, 12, 12, 10, 14, 15]
[11, 11, 12, 12, 10, 14, 15]
[11, 11, 13, 13, 10, 14, 15]
Solution Found in 0.05968499183654785 seconds